t_fs,msd_angstrom2,msd_x,msd_y,msd_z
0.000000000000000000e+00,2.129962872743363075e-14,-3.974598428158060099e-15,9.392486788328823701e-15,1.588174036726286557e-14
1.000000000000000000e+02,6.223539295073392541e-01,1.926343167353297414e-01,1.883696681435087228e-01,2.413499446285007344e-01
2.000000000000000000e+02,9.033988740528868799e-01,2.557508118244798956e-01,2.588411088099571433e-01,3.888069534184498965e-01
3.000000000000000000e+02,1.130054304673716370e+00,3.013029526535427327e-01,3.180880868674118012e-01,5.106632651527619471e-01
4.000000000000000000e+02,1.305225410715170398e+00,3.355977453781305853e-01,3.552811368824931870e-01,6.143465284545465144e-01
5.000000000000000000e+02,1.457840407795619520e+00,3.665228130175336441e-01,3.860629123998832180e-01,7.052546823782026575e-01
6.000000000000000000e+02,1.607375423955819116e+00,3.953911526396734488e-01,4.106773502963960709e-01,8.013069210197496517e-01
7.000000000000000000e+02,1.750477523767550503e+00,4.255540819473749847e-01,4.367610487825583365e-01,8.881623930376172371e-01
8.000000000000000000e+02,1.905172510931391505e+00,4.594677836012351912e-01,4.720459904049721378e-01,9.736587369251841206e-01
9.000000000000000000e+02,2.071045210774654421e+00,4.986566618881112523e-01,5.148733137557520712e-01,1.057515235130791265e+00
1.000000000000000000e+03,2.225367131593642966e+00,5.303817151203717994e-01,5.458478144654161923e-01,1.149137602007855197e+00
1.100000000000000000e+03,2.382258917615653449e+00,5.608393421994288808e-01,5.765974550850233582e-01,1.244822120331201099e+00
1.200000000000000000e+03,2.533911966361287682e+00,5.894998617979494426e-01,6.060343841892048555e-01,1.338377720374133606e+00
1.300000000000000000e+03,2.690637660492704697e+00,6.205451355909660238e-01,6.346280935787783628e-01,1.435464431322960088e+00
1.400000000000000000e+03,2.843982874777690739e+00,6.508726622531847417e-01,6.629833793301044276e-01,1.530126833194401792e+00
1.500000000000000000e+03,3.009698596520859581e+00,6.835771984907373922e-01,6.882794173418812500e-01,1.637841980688241161e+00
1.600000000000000000e+03,3.181060097838700251e+00,7.131447945041560210e-01,7.238633789800645868e-01,1.744051924354479421e+00
1.700000000000000000e+03,3.349130439459500064e+00,7.452062543143127549e-01,7.531603256245265055e-01,1.850763859520660803e+00
1.800000000000000000e+03,3.514671830142711784e+00,7.744543999639617038e-01,7.864020874285184703e-01,1.953815342750231610e+00
1.900000000000000000e+03,3.675153453132987025e+00,8.061950259488405157e-01,8.114684722966210018e-01,2.057489954887525396e+00
2.000000000000000000e+03,3.849048809276070848e+00,8.385900041912612846e-01,8.408850742841567083e-01,2.169573730800652633e+00
2.100000000000000000e+03,4.004138799558525363e+00,8.698503438853375513e-01,8.633665642588379541e-01,2.270921891414349414e+00
2.200000000000000000e+03,4.166065071189462898e+00,9.013002332413464490e-01,8.831747719635172356e-01,2.381590065984599214e+00
2.300000000000000000e+03,4.325134084207363117e+00,9.340731711188616782e-01,9.076407593739108659e-01,2.483420153714590128e+00
2.400000000000000000e+03,4.493819274644282658e+00,9.707971441321376904e-01,9.332162255206608581e-01,2.589805904991484553e+00
2.500000000000000000e+03,4.653736272003749619e+00,1.001931361786394747e+00,9.601958538809627353e-01,2.691609056336392136e+00
2.600000000000000000e+03,4.821972395032000591e+00,1.040006047514567600e+00,9.896523182071735869e-01,2.792314029310259293e+00
2.700000000000000000e+03,4.983348135661770151e+00,1.067863358386533790e+00,1.013348701771497051e+00,2.902136075503739310e+00
2.800000000000000000e+03,5.149882207087275177e+00,1.095402460044525572e+00,1.039481107635782164e+00,3.014998639406967218e+00
2.900000000000000000e+03,5.316049106826735482e+00,1.132853550788712083e+00,1.067225681301467333e+00,3.115969874736556289e+00
3.000000000000000000e+03,5.486836166766078549e+00,1.173043329973166848e+00,1.094703162576575739e+00,3.219089674216335961e+00
3.100000000000000000e+03,5.655635426104018926e+00,1.206809149281616866e+00,1.123458982189255773e+00,3.325367294633146287e+00
3.200000000000000000e+03,5.819567650913154644e+00,1.240793630455196084e+00,1.151618277414345970e+00,3.427155743043612368e+00
3.300000000000000000e+03,5.984383200213356346e+00,1.272232068100257019e+00,1.185408022526545313e+00,3.526743109586553349e+00
3.400000000000000000e+03,6.149331348586538404e+00,1.304778726982226189e+00,1.214981609206488233e+00,3.629571012397823981e+00
3.500000000000000000e+03,6.310524399784522842e+00,1.339335527580583829e+00,1.237696724711684571e+00,3.733492147492254443e+00
3.600000000000000000e+03,6.469004857794345753e+00,1.365688140580224363e+00,1.264336022018819783e+00,3.838980695195301163e+00
3.700000000000000000e+03,6.623857393004088934e+00,1.399122134618581814e+00,1.291469024701848323e+00,3.933266233683659241e+00
3.800000000000000000e+03,6.771875655930951865e+00,1.431037554113755217e+00,1.313646867535554819e+00,4.027191234281642274e+00
3.900000000000000000e+03,6.918527805867851654e+00,1.461938742623709597e+00,1.336799990022286444e+00,4.119789073221856057e+00
4.000000000000000000e+03,7.065578546753809697e+00,1.488781226706722638e+00,1.357473650137571486e+00,4.219323669909515573e+00
4.100000000000000000e+03,7.219650745379141199e+00,1.525979774256389199e+00,1.379570209046687923e+00,4.314100762076064299e+00
4.200000000000000000e+03,7.384225357373748189e+00,1.563328538843064219e+00,1.402988295058747559e+00,4.417908523471936633e+00
4.300000000000000000e+03,7.542763649191021713e+00,1.594676700606496578e+00,1.420525639042427901e+00,4.527561309542097234e+00
4.400000000000000000e+03,7.697732558223448152e+00,1.625711512456097463e+00,1.445259829429077936e+00,4.626761216338272753e+00
4.500000000000000000e+03,7.845930444613116173e+00,1.651295668656389326e+00,1.470394413864010374e+00,4.724240362092716694e+00
4.600000000000000000e+03,7.994437006711331506e+00,1.685600394886141995e+00,1.495929805616848629e+00,4.812906806208340882e+00
4.700000000000000000e+03,8.147123832892942730e+00,1.718601576316615809e+00,1.517520303439092721e+00,4.911001953137233755e+00
4.800000000000000000e+03,8.302524921905911626e+00,1.751394330365847241e+00,1.543986387407007443e+00,5.007144204133056498e+00
4.900000000000000000e+03,8.453195157896441714e+00,1.787660620964651059e+00,1.563727202094159052e+00,5.101807334837632268e+00
5.000000000000000000e+03,8.595722789501646588e+00,1.825071334042280169e+00,1.580940473520992429e+00,5.189710981938373990e+00
5.100000000000000000e+03,8.750154628491330300e+00,1.862775558302138590e+00,1.607170903907126913e+00,5.280208166282063686e+00
5.200000000000000000e+03,8.891545617354879028e+00,1.890372940277448732e+00,1.623832674935520970e+00,5.377340002141908215e+00
5.300000000000000000e+03,9.024413560314430427e+00,1.919065634405532350e+00,1.642808577909038892e+00,5.462539347999858741e+00
5.400000000000000000e+03,9.159363147634097757e+00,1.947594548091328814e+00,1.666070750008231016e+00,5.545697849534538371e+00
5.500000000000000000e+03,9.298403444945350316e+00,1.985424434874411448e+00,1.685867019263804334e+00,5.627111990807134312e+00
5.600000000000000000e+03,9.433320857851931862e+00,2.018535474745112968e+00,1.705743697670352166e+00,5.709041685436467617e+00
5.700000000000000000e+03,9.566546503219608866e+00,2.055378063375328246e+00,1.724488513152393709e+00,5.786679926691888021e+00
5.800000000000000000e+03,9.709099755996767556e+00,2.089853315734486294e+00,1.746274169396033527e+00,5.872972270866248401e+00
5.900000000000000000e+03,9.843747727706208650e+00,2.124185862657293811e+00,1.763676950143469924e+00,5.955884914905444916e+00
6.000000000000000000e+03,9.992039255195690473e+00,2.167913564587267139e+00,1.780013618070774850e+00,6.044112072537648039e+00
6.100000000000000000e+03,1.013199026400691238e+01,2.200205590352432683e+00,1.800679774970836533e+00,6.131104898683644500e+00
6.200000000000000000e+03,1.027320217485460141e+01,2.236329769357330299e+00,1.827445213537923108e+00,6.209427191959347780e+00
6.300000000000000000e+03,1.041028792564280359e+01,2.271376705584430944e+00,1.855358026456962461e+00,6.283553193601409959e+00
6.400000000000000000e+03,1.054639833318077891e+01,2.307650412764776782e+00,1.880291791934391110e+00,6.358456128481610570e+00
6.500000000000000000e+03,1.068991554671247179e+01,2.347997384165211976e+00,1.905381395568176206e+00,6.436536766979083168e+00
6.600000000000000000e+03,1.082498327407385830e+01,2.383035677262168139e+00,1.922886224234159114e+00,6.519061372577532154e+00
6.700000000000000000e+03,1.097536334980600792e+01,2.423187024896305886e+00,1.944417450207841513e+00,6.607758874701860741e+00
6.800000000000000000e+03,1.112530322427789287e+01,2.456026315990192721e+00,1.968733131172681894e+00,6.700543777115018251e+00
6.900000000000000000e+03,1.129055797103980652e+01,2.495332450295316917e+00,1.997238657944731433e+00,6.797986862799758612e+00
7.000000000000000000e+03,1.144845599370430911e+01,2.529316936718557063e+00,2.021580226281908033e+00,6.897558830703843569e+00
7.100000000000000000e+03,1.159449607193563558e+01,2.563348184684607123e+00,2.041973043134725163e+00,6.989174844116303298e+00
7.200000000000000000e+03,1.174398974706384102e+01,2.598304800431380457e+00,2.062262640390819080e+00,7.083422306241641486e+00
7.300000000000000000e+03,1.190514451068162494e+01,2.637066284355704227e+00,2.085996315410965529e+00,7.182081910914955181e+00
7.400000000000000000e+03,1.206655022858633330e+01,2.678513190226697649e+00,2.106354555107610160e+00,7.281682483252024163e+00
7.500000000000000000e+03,1.222456762415296438e+01,2.709346269764498771e+00,2.127397402170770224e+00,7.387823952217695833e+00
7.600000000000000000e+03,1.238942146333723926e+01,2.746210890475983213e+00,2.151149261154014614e+00,7.492061311707240989e+00
7.700000000000000000e+03,1.255720795400234913e+01,2.781329377187642837e+00,2.178429725801179107e+00,7.597448851013527182e+00
7.800000000000000000e+03,1.273258575588590347e+01,2.819936403704459416e+00,2.203851271872232065e+00,7.708798080309210654e+00
7.900000000000000000e+03,1.290541350960943845e+01,2.861545610296946318e+00,2.222772766608250183e+00,7.821095132704241060e+00
8.000000000000000000e+03,1.308869919297775297e+01,2.903586633120144977e+00,2.245170007664111012e+00,7.939942552193497427e+00
8.100000000000000000e+03,1.325516483848720206e+01,2.937164741608835339e+00,2.263472991833995529e+00,8.054527105044371638e+00
8.200000000000000000e+03,1.343106877098873220e+01,2.969576244975649093e+00,2.286495718540583866e+00,8.174996807472499682e+00
8.300000000000000000e+03,1.360733706719408254e+01,3.003963669623948896e+00,2.317617454355874962e+00,8.285755943214258679e+00
8.400000000000000000e+03,1.378279389734495908e+01,3.048707707310390980e+00,2.342935992860884831e+00,8.391150197173683267e+00
8.500000000000000000e+03,1.396436121392244090e+01,3.092823650944449110e+00,2.368159588534919369e+00,8.503377974443072418e+00
8.600000000000000000e+03,1.412282640594389171e+01,3.135574510096878598e+00,2.388407579272781245e+00,8.598844316574231428e+00
8.700000000000000000e+03,1.428800068768524767e+01,3.175896845026502380e+00,2.416963899885435918e+00,8.695139942773309372e+00
8.800000000000000000e+03,1.443858518518307221e+01,3.218009920662370682e+00,2.436208478341438610e+00,8.784366786179262476e+00
8.900000000000000000e+03,1.460416092265498911e+01,3.265161600904763706e+00,2.460685913350009635e+00,8.878313408400215323e+00
9.000000000000000000e+03,1.477692060644897865e+01,3.315488351472684059e+00,2.490374340319585045e+00,8.971057914656709542e+00
9.100000000000000000e+03,1.493376957219661705e+01,3.352350953290638813e+00,2.518903726047544200e+00,9.062514892858434479e+00
9.200000000000000000e+03,1.509152027396908835e+01,3.387908383023302328e+00,2.545823308129104401e+00,9.157788582816682066e+00
9.300000000000000000e+03,1.524509847234817528e+01,3.424911420219364011e+00,2.575499845606649352e+00,9.244687206522161915e+00
9.400000000000000000e+03,1.541413155827804182e+01,3.465510722919441289e+00,2.600411007930304663e+00,9.348209827428295426e+00
9.500000000000000000e+03,1.557334578292757499e+01,3.511558293751109172e+00,2.627897565873272612e+00,9.433889923303192759e+00
9.600000000000000000e+03,1.571519663484767548e+01,3.556277574061136981e+00,2.647422857132289753e+00,9.511496203654248305e+00
9.700000000000000000e+03,1.585200959853552583e+01,3.596041298038646694e+00,2.670462559500187627e+00,9.585505740996691060e+00
9.800000000000000000e+03,1.599107287723309057e+01,3.640603007075065900e+00,2.694301563336097605e+00,9.656168306821927061e+00
9.900000000000000000e+03,1.614022220948894315e+01,3.681012980549226654e+00,2.716315466558474334e+00,9.742893762381243050e+00
1.000000000000000000e+04,1.629749782604855568e+01,3.722572077193893936e+00,2.744397698488999282e+00,9.830528050365661130e+00
1.010000000000000000e+04,1.645150158952523967e+01,3.770198578008212564e+00,2.764113234180816114e+00,9.917189777336210099e+00
1.020000000000000000e+04,1.660142743914742880e+01,3.811804111419083263e+00,2.783681843853256677e+00,1.000594148387508930e+01
1.030000000000000000e+04,1.675303277256305279e+01,3.855742095007530956e+00,2.813892506553059558e+00,1.008339817100246272e+01
1.040000000000000000e+04,1.689081907050437437e+01,3.895340757206837257e+00,2.839192459751112008e+00,1.015628585354642510e+01
1.050000000000000000e+04,1.703792764005098448e+01,3.944942395372624588e+00,2.860746511489201005e+00,1.023223873318915977e+01
1.060000000000000000e+04,1.718895870343862597e+01,3.987982311479389530e+00,2.886019079859222014e+00,1.031495731210001487e+01
1.070000000000000000e+04,1.732923509579172361e+01,4.025916341366706952e+00,2.905401034792593595e+00,1.039791771963242084e+01
1.080000000000000000e+04,1.748799900054897805e+01,4.069149293859642746e+00,2.929410664442140266e+00,1.048943904224719503e+01
1.090000000000000000e+04,1.763535793983551514e+01,4.111466124734950434e+00,2.954575805530886168e+00,1.056931600956968076e+01
1.100000000000000000e+04,1.777326883456995787e+01,4.154301687506835705e+00,2.975777140421626665e+00,1.064319000664149506e+01
1.110000000000000000e+04,1.791527070583905612e+01,4.196393897228334779e+00,2.997562793765118361e+00,1.072131401484560342e+01
1.120000000000000000e+04,1.804990820914090932e+01,4.234832599290871968e+00,3.021373038871590921e+00,1.079370257097844643e+01
1.130000000000000000e+04,1.817963690425613876e+01,4.270603077527029612e+00,3.039947555440039473e+00,1.086908627128906879e+01
1.140000000000000000e+04,1.830443172591753864e+01,4.307017656072796186e+00,3.053448278354827572e+00,1.094396579148991400e+01
1.150000000000000000e+04,1.846276701022344469e+01,4.347502325706418702e+00,3.078661185049401894e+00,1.103660349946762587e+01
1.160000000000000000e+04,1.860820496784815958e+01,4.386728300789497936e+00,3.099184076680601141e+00,1.112229259037806095e+01
1.170000000000000000e+04,1.876443343887260795e+01,4.427804911742468263e+00,3.125071125971984110e+00,1.121155740115815469e+01
1.180000000000000000e+04,1.893077456586006946e+01,4.472953054018892871e+00,3.145381739177167901e+00,1.131243977266401046e+01
1.190000000000000000e+04,1.908993863932063917e+01,4.514568779135155197e+00,3.166405681001411843e+00,1.140896417918407302e+01
1.200000000000000000e+04,1.924179239326996793e+01,4.557771618134294656e+00,3.188266204810484616e+00,1.149575457032518955e+01
1.210000000000000000e+04,1.938579118207073293e+01,4.596638469068272670e+00,3.209946968147100677e+00,1.157920574485536136e+01
1.220000000000000000e+04,1.954335565776640493e+01,4.640354499653976283e+00,3.234471737737040886e+00,1.166852942037538732e+01
1.230000000000000000e+04,1.970305497034922126e+01,4.687236538572695288e+00,3.256597193048604399e+00,1.175922123872792291e+01
1.240000000000000000e+04,1.986070697750989211e+01,4.730891885647869444e+00,3.280612940543085720e+00,1.184920215131893606e+01
1.250000000000000000e+04,2.002409706593634553e+01,4.771549887684911617e+00,3.311366600656758585e+00,1.194118057759467533e+01
1.260000000000000000e+04,2.019018160447316745e+01,4.821830894427916903e+00,3.336151528972926883e+00,1.203219918107232544e+01
1.270000000000000000e+04,2.034130177251186566e+01,4.864657739787853430e+00,3.359319629712886446e+00,1.211732440301112490e+01
1.280000000000000000e+04,2.049803377725360320e+01,4.913475531756826165e+00,3.379217728407580612e+00,1.220534051708919598e+01
1.290000000000000000e+04,2.064881681022404081e+01,4.959389038997632504e+00,3.397665638854903136e+00,1.229176213237150428e+01
1.300000000000000000e+04,2.081718827754463774e+01,5.010570447126356797e+00,3.425756984923419957e+00,1.238086084549486188e+01
1.310000000000000000e+04,2.098450790124332599e+01,5.057367334113356705e+00,3.451941489552858400e+00,1.247519907757711088e+01
1.320000000000000000e+04,2.114624852972593416e+01,5.103008886913682929e+00,3.473278212967878087e+00,1.256996142984437270e+01
1.330000000000000000e+04,2.132814918469460252e+01,5.150629811229896049e+00,3.499272397360786435e+00,1.267824697610392093e+01
1.340000000000000000e+04,2.150829345500497425e+01,5.205188416665227358e+00,3.518210362651805756e+00,1.278489467568793891e+01
1.350000000000000000e+04,2.168386926827731997e+01,5.255942403091654391e+00,3.541889975848242500e+00,1.288603688933742397e+01
1.360000000000000000e+04,2.185548128035509308e+01,5.309881182136299671e+00,3.567846036537953403e+00,1.297775406168084089e+01
1.370000000000000000e+04,2.202065100695831035e+01,5.358334158639953770e+00,3.585670172310514658e+00,1.307664667600784014e+01
1.380000000000000000e+04,2.220465595395874914e+01,5.412266346693561658e+00,3.613226342560954318e+00,1.317916326470423272e+01
1.390000000000000000e+04,2.238727064364616837e+01,5.466352438691312265e+00,3.633679895281627381e+00,1.328723830967322783e+01
1.400000000000000000e+04,2.255240629202460312e+01,5.516920141078176520e+00,3.651672290800572540e+00,1.338381386014585317e+01
1.410000000000000000e+04,2.271530656863949460e+01,5.571767477671270008e+00,3.664502471986198717e+00,1.347903661898202543e+01
1.420000000000000000e+04,2.288719212619913890e+01,5.620422124394083951e+00,3.684385907559723172e+00,1.358238409424533089e+01
1.430000000000000000e+04,2.304744727758374268e+01,5.669671479785662882e+00,3.697032080461061021e+00,1.368074371733701966e+01
1.440000000000000000e+04,2.323083296566723277e+01,5.729724208146858011e+00,3.719445235468794131e+00,1.378166352205158240e+01
1.450000000000000000e+04,2.339445794064126360e+01,5.779561662864153959e+00,3.739577982848879767e+00,1.387531829492822943e+01
1.460000000000000000e+04,2.356701753113607367e+01,5.834040408618515805e+00,3.764796725517909781e+00,1.396818039699964586e+01
1.470000000000000000e+04,2.373752386601652020e+01,5.891449101902698438e+00,3.781690417079535571e+00,1.406438434703428619e+01
1.480000000000000000e+04,2.389984349055138324e+01,5.942910516715657288e+00,3.802581145004319207e+00,1.415435182883140897e+01
1.490000000000000000e+04,2.406283053654449589e+01,5.992994217270952717e+00,3.819801261083820343e+00,1.425003505818972371e+01
1.500000000000000000e+04,2.422176232228577675e+01,6.040953548264881512e+00,3.837990381687646391e+00,1.434281839233324796e+01
1.510000000000000000e+04,2.439749639447757801e+01,6.088322180413976881e+00,3.859065638875694759e+00,1.445010857518790637e+01
1.520000000000000000e+04,2.455889147778978554e+01,6.140084306310471973e+00,3.884949399016663030e+00,1.453385777246264965e+01
1.530000000000000000e+04,2.473887568417695704e+01,6.191794887275145598e+00,3.909935341225312833e+00,1.463714545567649949e+01
1.540000000000000000e+04,2.491458970992342614e+01,6.232609392290243022e+00,3.936037118985711736e+00,1.474594319864747227e+01
1.550000000000000000e+04,2.510128189235940610e+01,6.283228274853550843e+00,3.961044125615641232e+00,1.485700949189021358e+01
1.560000000000000000e+04,2.529649429581629505e+01,6.344406363679288674e+00,3.986595856621004685e+00,1.496549207551599991e+01
1.570000000000000000e+04,2.548281136439877059e+01,6.401692711051336637e+00,4.010747194002000526e+00,1.507037145934543254e+01
1.580000000000000000e+04,2.566440465043834251e+01,6.457800735413168347e+00,4.033048137863110227e+00,1.517355577716206483e+01
1.590000000000000000e+04,2.585327755364234292e+01,6.512549921477507553e+00,4.059619993941653959e+00,1.528110763822317963e+01
1.600000000000000000e+04,2.604795113288562902e+01,6.568099507484603805e+00,4.089500461025282085e+00,1.539035116437574402e+01
1.610000000000000000e+04,2.623078981922767738e+01,6.623222860106605658e+00,4.113222397018995835e+00,1.549434456210207500e+01
1.620000000000000000e+04,2.642541606281875843e+01,6.683074318950299464e+00,4.140558649551718595e+00,1.560178309431674037e+01
1.630000000000000000e+04,2.660239046599104284e+01,6.738667567241385825e+00,4.158644005950405287e+00,1.570507889279924996e+01
1.640000000000000000e+04,2.677417102508433544e+01,6.787739239324748652e+00,4.181910725712348231e+00,1.580452106004724122e+01
1.650000000000000000e+04,2.695418451398290216e+01,6.837585618095774365e+00,4.208306072442924872e+00,1.590829282344420470e+01
1.660000000000000000e+04,2.713872428272227566e+01,6.889689443036402849e+00,4.233361011955701692e+00,1.601567382773017201e+01
1.670000000000000000e+04,2.731020732676000762e+01,6.942053540473485107e+00,4.258831676501881880e+00,1.610932210978464241e+01
1.680000000000000000e+04,2.748710419006795291e+01,6.994612155445278923e+00,4.284265400795714385e+00,1.620822663382696049e+01
1.690000000000000000e+04,2.765672089268887746e+01,7.040912444797678305e+00,4.311163514392047702e+00,1.630464493349915145e+01
1.700000000000000000e+04,2.784294108881930896e+01,7.093158007557607725e+00,4.342347222576552035e+00,1.640743585868514742e+01
1.710000000000000000e+04,2.802483336789770263e+01,7.146074765769898640e+00,4.370658255731140862e+00,1.650810034639666313e+01
1.720000000000000000e+04,2.820687043527759030e+01,7.206151890843264241e+00,4.401694275331037964e+00,1.659902426910328899e+01
1.730000000000000000e+04,2.839440610997785441e+01,7.257941178438139573e+00,4.436858523078227812e+00,1.669960640846148792e+01
1.740000000000000000e+04,2.859283950655538931e+01,7.318111044065901183e+00,4.477591421504903302e+00,1.679713704098458393e+01
1.750000000000000000e+04,2.878686407177711359e+01,7.377296398843607328e+00,4.506352259455399079e+00,1.690321541347810808e+01
1.760000000000000000e+04,2.897594368825143718e+01,7.436485669818473809e+00,4.532144539082014312e+00,1.700731347935094817e+01
1.770000000000000000e+04,2.915641920427940903e+01,7.489206450968083573e+00,4.567141582793416532e+00,1.710007117051791070e+01
1.780000000000000000e+04,2.934125653866004768e+01,7.545302906759448369e+00,4.600381754757465913e+00,1.719557187714313429e+01
1.790000000000000000e+04,2.952230759884665190e+01,7.594703719113420348e+00,4.633571714383449169e+00,1.729403216534978327e+01
1.800000000000000000e+04,2.970651055171445520e+01,7.645475944880736563e+00,4.661843313270799705e+00,1.739919129356291805e+01
1.810000000000000000e+04,2.988611381409001666e+01,7.697342347663257200e+00,4.696277825965122332e+00,1.749249364046163535e+01
1.820000000000000000e+04,3.005653270266549271e+01,7.751979860338122919e+00,4.724062640291487369e+00,1.758049020203588242e+01
1.830000000000000000e+04,3.022739371763849903e+01,7.807127566025513943e+00,4.755784496271938444e+00,1.766448165534104575e+01
1.840000000000000000e+04,3.040856325936772464e+01,7.866854825849953770e+00,4.789017198717380630e+00,1.775269123480039113e+01
1.850000000000000000e+04,3.058029731932419537e+01,7.924087906217228472e+00,4.823045366071039730e+00,1.783316404703592895e+01
1.860000000000000000e+04,3.073974215361823070e+01,7.976562004923581917e+00,4.852786391196056037e+00,1.791039375749859275e+01
1.870000000000000000e+04,3.088895549965796761e+01,8.024771665490778361e+00,4.881927286756226003e+00,1.798225654741096236e+01
1.880000000000000000e+04,3.105506858298180362e+01,8.080114208228449613e+00,4.908801499271513435e+00,1.806615287548184057e+01
1.890000000000000000e+04,3.121331083850865795e+01,8.135065829170240903e+00,4.935845091723188638e+00,1.814239991761522930e+01
1.900000000000000000e+04,3.135768364863205449e+01,8.189075997811155361e+00,4.960518616669616243e+00,1.820808903415128199e+01
1.910000000000000000e+04,3.150310293888081503e+01,8.242272635221045363e+00,4.982807831164171475e+00,1.827802247249559642e+01
1.920000000000000000e+04,3.167207834749373063e+01,8.302041736468586564e+00,5.010209231385746698e+00,1.835982737963939826e+01
1.930000000000000000e+04,3.184378350511049405e+01,8.365609141905622437e+00,5.032967769614169029e+00,1.844520659359070436e+01
1.940000000000000000e+04,3.199851975699914419e+01,8.418551664196179729e+00,5.053090380349052779e+00,1.852687771245391346e+01
1.950000000000000000e+04,3.215195271720652670e+01,8.466879573898365763e+00,5.073351013890322392e+00,1.861172212941784210e+01
1.960000000000000000e+04,3.230772981981901637e+01,8.515053530380402691e+00,5.093690890274905847e+00,1.869898539916370694e+01
1.970000000000000000e+04,3.245351456601719065e+01,8.558555772277573581e+00,5.119045229380263073e+00,1.877591356435935666e+01
1.980000000000000000e+04,3.260246618529671991e+01,8.610614924356017497e+00,5.141816780340611182e+00,1.885003448060009390e+01
1.990000000000000000e+04,3.274233708539440357e+01,8.661894248329607748e+00,5.160003073189094458e+00,1.892043976387570225e+01
2.000000000000000000e+04,3.288695595231968838e+01,8.708232883760661736e+00,5.180762853199022189e+00,1.899796021536000623e+01
2.010000000000000000e+04,3.303999795757322033e+01,8.754256369450523323e+00,5.203189694386469277e+00,1.908255189373622684e+01
2.020000000000000000e+04,3.318775324306737673e+01,8.801820723245302958e+00,5.224266248664627632e+00,1.916166627115744348e+01
2.030000000000000000e+04,3.333898123692289772e+01,8.849788201957975886e+00,5.245476213119033559e+00,1.924371682184589005e+01
2.040000000000000000e+04,3.349403729773539595e+01,8.891807820187056066e+00,5.268524051133166353e+00,1.933370542641517531e+01
2.050000000000000000e+04,3.364811095201424251e+01,8.938987607379813127e+00,5.286047880547442901e+00,1.942307546408698471e+01
2.060000000000000000e+04,3.379655947835669849e+01,8.983287287393883602e+00,5.301828353273618788e+00,1.951144383768919965e+01
2.070000000000000000e+04,3.395252362241318878e+01,9.030565897161045186e+00,5.321163236898490467e+00,1.960079448835365312e+01
2.080000000000000000e+04,3.412351894568642763e+01,9.076103717417673522e+00,5.346900440231366680e+00,1.970051478803738476e+01
2.090000000000000000e+04,3.430113540490550150e+01,9.131704014231276645e+00,5.375842562733876839e+00,1.979358882794034713e+01
2.100000000000000000e+04,3.447898662569915729e+01,9.183915560969015957e+00,5.398910047309773752e+00,1.989616101742036847e+01
2.110000000000000000e+04,3.465032648533492221e+01,9.232917606962198320e+00,5.427046995044343625e+00,1.999036188332837938e+01
2.120000000000000000e+04,3.479924945169791783e+01,9.281138680526428431e+00,5.451346093149154193e+00,2.006676467802233077e+01
2.130000000000000000e+04,3.495777956379218665e+01,9.326257895309398194e+00,5.483450351944702206e+00,2.014807131653808270e+01
2.140000000000000000e+04,3.511724659191621356e+01,9.381697294830456002e+00,5.507546898027967153e+00,2.022800239905778952e+01
2.150000000000000000e+04,3.526988507347959967e+01,9.427575338303684660e+00,5.526900627784970155e+00,2.031540910739094841e+01
2.160000000000000000e+04,3.542154922785498172e+01,9.476070808969076609e+00,5.549677847912631634e+00,2.039580057097327170e+01
2.170000000000000000e+04,3.556777508758985107e+01,9.528967854112705638e+00,5.573040582489992900e+00,2.046576665098714898e+01
2.180000000000000000e+04,3.570463987777876014e+01,9.571504170700519509e+00,5.597776141522303739e+00,2.053535956555593955e+01
2.190000000000000000e+04,3.585698728680208092e+01,9.627028504241362583e+00,5.624233677547413990e+00,2.060572510501330612e+01
2.200000000000000000e+04,3.598747662211395237e+01,9.674448536467696869e+00,5.644422383663184384e+00,2.066860570198307201e+01
2.210000000000000000e+04,3.611875567624268513e+01,9.718316210636297470e+00,5.659985947210710577e+00,2.074045351839567530e+01
2.220000000000000000e+04,3.626549976465420855e+01,9.776764917669371613e+00,5.679186181787192034e+00,2.080954866519764579e+01
2.230000000000000000e+04,3.641469723322933305e+01,9.821687861125445451e+00,5.706253771931239172e+00,2.088675560017264488e+01
2.240000000000000000e+04,3.653396090657860640e+01,9.865190510065669827e+00,5.720583875760503645e+00,2.094818652075243293e+01
2.250000000000000000e+04,3.666755355699395125e+01,9.910049044327005063e+00,5.745144560677671208e+00,2.101235995198927498e+01
2.260000000000000000e+04,3.678936589405141433e+01,9.954082291068198529e+00,5.766901470633504445e+00,2.106838213234971491e+01
2.270000000000000000e+04,3.693376142362743053e+01,1.000629991409025976e+01,5.798114738293730142e+00,2.112934677124344063e+01
2.280000000000000000e+04,3.707155610108942057e+01,1.006154064510535662e+01,5.824200572588236646e+00,2.118581488339582819e+01
2.290000000000000000e+04,3.719119822984836787e+01,1.011458323121188840e+01,5.846638926487127463e+00,2.122997607214935556e+01
2.300000000000000000e+04,3.731760594835772338e+01,1.016186341021752426e+01,5.872949582138467406e+00,2.128279295600173526e+01
2.310000000000000000e+04,3.744625255629679828e+01,1.021048362912823038e+01,5.899533021232231889e+00,2.133623590593633423e+01
2.320000000000000000e+04,3.757603561768387124e+01,1.025589459551876992e+01,5.925262201392986761e+00,2.139487882077211367e+01
2.330000000000000000e+04,3.772215003343571027e+01,1.030524474401092228e+01,5.955411289442034573e+00,2.146149399998275342e+01
2.340000000000000000e+04,3.783771036594362869e+01,1.035444931648543232e+01,5.972574468760321054e+00,2.151068658069787531e+01
2.350000000000000000e+04,3.796996389184079845e+01,1.040869668073118781e+01,5.995756449342249716e+00,2.156551076176736004e+01
2.360000000000000000e+04,3.808385956600712774e+01,1.045245380810073854e+01,6.017191259398833481e+00,2.161421449850755749e+01
2.370000000000000000e+04,3.819563090827780627e+01,1.049719879704193026e+01,6.040658515610106249e+00,2.165777359562576976e+01
2.380000000000000000e+04,3.830599851947290091e+01,1.054515632885491883e+01,6.068013020041886030e+00,2.169282917057609694e+01
2.390000000000000000e+04,3.842469977461821884e+01,1.059295147762077960e+01,6.096567612951771409e+00,2.173518068404566250e+01
2.400000000000000000e+04,3.854829909075967009e+01,1.064167667221729197e+01,6.116829665327214727e+00,2.178979275321516695e+01
2.410000000000000000e+04,3.866686181497522057e+01,1.069807739741261621e+01,6.138212257814962491e+00,2.183057215974764276e+01
2.420000000000000000e+04,3.877951481193199612e+01,1.074663685404325086e+01,6.160262931500683159e+00,2.187261502638806121e+01
2.430000000000000000e+04,3.889283276177356186e+01,1.079644372410414199e+01,6.182931759072699762e+00,2.191345727859671655e+01
2.440000000000000000e+04,3.899167411525608884e+01,1.084145851801430993e+01,6.202961252508112366e+00,2.194725434473366477e+01
2.450000000000000000e+04,3.908289137091628618e+01,1.088143093962485963e+01,6.227466536855399859e+00,2.197399389443602402e+01
2.460000000000000000e+04,3.918344811017514928e+01,1.092292270238204566e+01,6.249913986264383325e+00,2.201061142152872208e+01
2.470000000000000000e+04,3.930687928596172753e+01,1.096880615998921193e+01,6.272034371240975403e+00,2.206603875473154019e+01
2.480000000000000000e+04,3.941425548344291485e+01,1.101566971692200170e+01,6.293128304031787579e+00,2.210545746248913090e+01
2.490000000000000000e+04,3.952481153378458600e+01,1.106060089977636451e+01,6.313158942643391391e+00,2.215105169136483454e+01
2.500000000000000000e+04,3.961508526832430022e+01,1.110171710482588381e+01,6.331424203867686451e+00,2.218194395963072907e+01
2.510000000000000000e+04,3.971184865058697966e+01,1.114347141852941547e+01,6.355294263638539221e+00,2.221308296841902319e+01
2.520000000000000000e+04,3.981403371333672681e+01,1.119000888450416298e+01,6.377500863572051593e+00,2.224652396526051490e+01
2.530000000000000000e+04,3.991612495966526097e+01,1.124046924950392956e+01,6.400034282504961425e+00,2.227562142765636821e+01
2.540000000000000000e+04,4.002742068276428711e+01,1.129223221203528738e+01,6.424311051752948920e+00,2.231087741897605525e+01
2.550000000000000000e+04,4.013166218580222733e+01,1.133960753626960205e+01,6.454085591822163792e+00,2.233796905771045971e+01
2.560000000000000000e+04,4.022650765863180311e+01,1.138126373243081524e+01,6.471616204774049308e+00,2.237362772142693501e+01
2.570000000000000000e+04,4.033710528191348743e+01,1.143175232857960388e+01,6.495447786719100058e+00,2.240990516661478438e+01
2.580000000000000000e+04,4.044281001093543892e+01,1.148533339008239906e+01,6.528925481403978104e+00,2.242855113944906265e+01
2.590000000000000000e+04,4.055231365223110629e+01,1.154218506621623419e+01,6.549222566153533265e+00,2.246090601986134416e+01
2.600000000000000000e+04,4.066258642778633714e+01,1.158980816080951826e+01,6.576269936126530880e+00,2.249650833085028978e+01
2.610000000000000000e+04,4.077344617681869465e+01,1.163654375334888513e+01,6.602828731977308685e+00,2.253407369149250172e+01
2.620000000000000000e+04,4.089225044492940242e+01,1.168323953123130465e+01,6.627044978959946597e+00,2.258196593473815028e+01
2.630000000000000000e+04,4.100485357141245402e+01,1.173460618382003773e+01,6.648064660536604720e+00,2.262218272705581512e+01
2.640000000000000000e+04,4.112415927243218050e+01,1.178093529583109778e+01,6.674948610496349133e+00,2.266827536610473004e+01
2.650000000000000000e+04,4.124917585466607051e+01,1.182674369565599903e+01,6.696540078248903960e+00,2.272589208076116662e+01
2.660000000000000000e+04,4.136110462038132596e+01,1.186948869450789701e+01,6.718880433358646265e+00,2.277273549251478357e+01
2.670000000000000000e+04,4.148280132280854104e+01,1.190981528129995226e+01,6.744313059723777926e+00,2.282867298178481619e+01
2.680000000000000000e+04,4.161748270686093321e+01,1.196054647187408726e+01,6.766935064174996128e+00,2.289000117081184982e+01
2.690000000000000000e+04,4.174456171916219205e+01,1.200029785356744583e+01,6.786312434611201816e+00,2.295795143098354529e+01
2.700000000000000000e+04,4.187327796071394914e+01,1.205019689570147889e+01,6.811186407263254416e+00,2.301189465774921317e+01
2.710000000000000000e+04,4.198785119936238885e+01,1.208972286193956691e+01,6.831697381791171253e+00,2.306643095563165247e+01
2.720000000000000000e+04,4.210901486777137137e+01,1.213622010766462544e+01,6.855625750728509438e+00,2.311716900937823738e+01
2.730000000000000000e+04,4.219435322921356146e+01,1.217611486146034316e+01,6.876850633005616942e+00,2.314138773474760669e+01
2.740000000000000000e+04,4.229023446255220620e+01,1.221768275671088411e+01,6.901657785581562621e+00,2.317089392025976125e+01
2.750000000000000000e+04,4.240836749796325478e+01,1.226525969482178269e+01,6.932787423167459551e+00,2.321032037997401076e+01
2.760000000000000000e+04,4.249944216666878560e+01,1.231409870707146936e+01,6.956304854114614855e+00,2.322903860548269606e+01
2.770000000000000000e+04,4.260601948464929478e+01,1.236933279139260478e+01,6.971957410178603709e+00,2.326472928307808274e+01
2.780000000000000000e+04,4.270301992119870960e+01,1.242114231338121044e+01,6.985744358299354140e+00,2.329613324951814590e+01
2.790000000000000000e+04,4.279410665579116824e+01,1.246930619215881819e+01,6.999864591353356147e+00,2.332493587227899212e+01
2.800000000000000000e+04,4.287710653008271322e+01,1.250932913936425805e+01,7.026540250242152119e+00,2.334123714047630571e+01
2.810000000000000000e+04,4.296720414730971527e+01,1.255464470485910766e+01,7.047376088845652475e+00,2.336518335360495158e+01
2.820000000000000000e+04,4.306145573662723791e+01,1.260108982263479227e+01,7.060985564454163921e+00,2.339938034953827994e+01
2.830000000000000000e+04,4.317968954273698046e+01,1.264077798585765677e+01,7.090489114839914286e+00,2.344842244203940851e+01
2.840000000000000000e+04,4.329869360808817902e+01,1.268104269690240926e+01,7.118011773988645707e+00,2.349963913719712494e+01
2.850000000000000000e+04,4.339163772299298216e+01,1.272131914332168812e+01,7.141647740448687109e+00,2.352867083922260605e+01
2.860000000000000000e+04,4.347430093078190083e+01,1.275454529075027033e+01,7.152108673659159699e+00,2.356764696637247170e+01
2.870000000000000000e+04,4.359620024584736342e+01,1.280485585477528687e+01,7.180508222478711566e+00,2.361083616859336587e+01
2.880000000000000000e+04,4.368374990660815627e+01,1.284116940233645643e+01,7.196534700560294873e+00,2.364604580371140941e+01
2.890000000000000000e+04,4.379327220440666935e+01,1.288487172017752869e+01,7.220187963492525007e+00,2.368821252073661654e+01
2.900000000000000000e+04,4.390297299466709546e+01,1.294069959382331447e+01,7.241960021993692820e+00,2.372031337885008995e+01
2.910000000000000000e+04,4.401470754678008745e+01,1.298283894533087235e+01,7.262063374012818429e+00,2.376980522743639668e+01
2.920000000000000000e+04,4.412468708684593111e+01,1.303302619433609877e+01,7.290457791931695297e+00,2.380120310057813526e+01
2.930000000000000000e+04,4.422768171846340124e+01,1.308031539688972167e+01,7.315026496564584590e+00,2.383233982500909676e+01
2.940000000000000000e+04,4.433683077534136885e+01,1.312521721860753487e+01,7.337225575817678980e+00,2.387438798091615411e+01
2.950000000000000000e+04,4.446181667788142988e+01,1.318132564036587340e+01,7.351813523163615471e+00,2.392867751435193924e+01
2.960000000000000000e+04,4.458326389430952474e+01,1.323423145723588412e+01,7.379767876331935206e+00,2.396926456074170275e+01
2.970000000000000000e+04,4.468138194572951249e+01,1.329190842837063258e+01,7.394470066920774798e+00,2.399500345043810867e+01
2.980000000000000000e+04,4.478234178277240574e+01,1.333695626128783474e+01,7.420388648068663606e+00,2.402499687341590473e+01
2.990000000000000000e+04,4.490259913689356353e+01,1.339249682478228110e+01,7.456058448500319180e+00,2.405404386361096414e+01
3.000000000000000000e+04,4.501346537528857539e+01,1.344262970158267123e+01,7.484869623600600264e+00,2.408596605010530212e+01
3.010000000000000000e+04,4.511667092354605302e+01,1.348514737964034715e+01,7.506759250494591917e+00,2.412476429341111839e+01
3.020000000000000000e+04,4.521291063057356752e+01,1.354005311533554945e+01,7.535227410567829409e+00,2.413763010467018688e+01
3.030000000000000000e+04,4.529656288214581394e+01,1.358845479552249813e+01,7.559151568309315117e+00,2.414895651831400158e+01
3.040000000000000000e+04,4.539875258194255991e+01,1.363955944072788995e+01,7.585548738618444808e+00,2.417364440259622427e+01
3.050000000000000000e+04,4.549323808417048554e+01,1.368599873754222962e+01,7.611053976923527031e+00,2.419618536970473244e+01
3.060000000000000000e+04,4.557513648048320931e+01,1.374308364413917616e+01,7.624170044859039486e+00,2.420788279148499811e+01
3.070000000000000000e+04,4.567670747297301403e+01,1.379030651822558085e+01,7.652873241499824175e+00,2.423352771324761079e+01
3.080000000000000000e+04,4.579338048912693182e+01,1.384777258703337566e+01,7.674099812065134252e+00,2.427150809002842280e+01
3.090000000000000000e+04,4.591943334776595975e+01,1.390272120169830927e+01,7.696039059698439821e+00,2.432067308636921510e+01
3.100000000000000000e+04,4.603155555051634451e+01,1.396970856482735357e+01,7.708722461764821787e+00,2.435312452392417271e+01
3.110000000000000000e+04,4.614862115763475003e+01,1.403494122657991205e+01,7.727127046697866319e+00,2.438655288435697699e+01
3.120000000000000000e+04,4.626486492638667158e+01,1.409420183391008052e+01,7.744262118902872416e+00,2.442640097357372042e+01
3.130000000000000000e+04,4.637064581447320677e+01,1.415870121221524514e+01,7.758035497284102355e+00,2.445390910497385661e+01
3.140000000000000000e+04,4.647381990842607991e+01,1.421312629938787175e+01,7.771983084349002979e+00,2.448871052468920340e+01
3.150000000000000000e+04,4.656538190510225661e+01,1.427289222336091257e+01,7.786849940256445279e+00,2.450563974148489521e+01
3.160000000000000000e+04,4.668128847002354576e+01,1.433340256370394705e+01,7.798236623982750970e+00,2.454964928233684418e+01
3.170000000000000000e+04,4.679727110366772536e+01,1.438571593120747139e+01,7.810574169894583640e+00,2.460098100256566767e+01
3.180000000000000000e+04,4.691277713973192220e+01,1.441996544047608708e+01,7.829076502767257750e+00,2.466373519648857737e+01
3.190000000000000000e+04,4.700293487260373126e+01,1.445178472516347412e+01,7.840910723002338045e+00,2.471023942443791910e+01
3.200000000000000000e+04,4.711229298483004158e+01,1.447579013170995310e+01,7.851498120122576196e+00,2.478500473299751405e+01
3.210000000000000000e+04,4.722135189584918180e+01,1.449471081700757580e+01,7.865220874528439765e+00,2.486142020431316269e+01
3.220000000000000000e+04,4.733356213563741477e+01,1.452363948962401352e+01,7.874706682319886575e+00,2.493521596369351556e+01
3.230000000000000000e+04,4.742044959408748639e+01,1.454785400924123806e+01,7.878870749889152592e+00,2.499372483495709929e+01
3.240000000000000000e+04,4.752592751901474344e+01,1.456462029909479483e+01,7.885201351843896589e+00,2.507610586807605202e+01
3.250000000000000000e+04,4.763306365855819990e+01,1.458514229695695086e+01,7.893982490598384416e+00,2.515393887100286108e+01
3.260000000000000000e+04,4.773976535900347784e+01,1.461600800149765789e+01,7.902736821591735961e+00,2.522102053591408577e+01
3.270000000000000000e+04,4.786950385738357028e+01,1.464685435148513548e+01,7.922787269371676544e+00,2.529986223652675648e+01
3.280000000000000000e+04,4.800185669990050030e+01,1.466771561024765091e+01,7.937092190774926337e+00,2.539704889887792660e+01
3.290000000000000000e+04,4.812398797848908316e+01,1.470459860412805675e+01,7.957539191675182977e+00,2.546185018268584344e+01
3.300000000000000000e+04,4.825966331195887449e+01,1.474404309203667296e+01,7.979526078954078727e+00,2.553609414096812102e+01
3.310000000000000000e+04,4.838019532538508827e+01,1.477260236911533298e+01,8.001848976208673747e+00,2.560574398006107799e+01
3.320000000000000000e+04,4.851321101956339987e+01,1.480275556199417153e+01,8.028693808760227313e+00,2.568176164880900458e+01
3.330000000000000000e+04,4.865430851544763158e+01,1.483276989838390669e+01,8.063456287578008030e+00,2.575808232948571685e+01
3.340000000000000000e+04,4.877752412630128731e+01,1.486533627964898230e+01,8.093474622309434707e+00,2.581871322434287208e+01
3.350000000000000000e+04,4.890853902459427616e+01,1.490027075663802592e+01,8.109203978309839300e+00,2.589906428964640739e+01
3.360000000000000000e+04,4.904296445618123812e+01,1.493268021872875906e+01,8.128431024129112004e+00,2.598185321332336528e+01
3.370000000000000000e+04,4.923397441691343346e+01,1.497792205667871102e+01,8.164287314136682738e+00,2.609176504609803970e+01
3.380000000000000000e+04,4.938536799432287694e+01,1.500552590358483940e+01,8.196955245490430642e+00,2.618288684524761223e+01
3.390000000000000000e+04,4.954120563722705128e+01,1.503403127347472079e+01,8.229747796914594460e+00,2.627742656683773248e+01
3.400000000000000000e+04,4.970433552678753131e+01,1.507641134164540730e+01,8.253975009386886441e+00,2.637394917575523934e+01
3.410000000000000000e+04,4.987005524815823776e+01,1.510855444927127245e+01,8.281108185489935991e+00,2.648039261339702577e+01
3.420000000000000000e+04,5.002113675568908491e+01,1.513705441769355708e+01,8.306646608523188036e+00,2.657743572947234156e+01
3.430000000000000000e+04,5.016275688242289732e+01,1.517007058697056365e+01,8.313216687031861341e+00,2.667946960842046877e+01
3.440000000000000000e+04,5.030285748753061625e+01,1.519862160747508462e+01,8.330897408239522406e+00,2.677333847181601101e+01
3.450000000000000000e+04,5.043274543269993160e+01,1.522190971312432417e+01,8.348270079538298916e+00,2.686256564003731384e+01
3.460000000000000000e+04,5.056387028506915726e+01,1.525534404438145053e+01,8.367598524253441639e+00,2.694092771643427042e+01
3.470000000000000000e+04,5.069495419434230143e+01,1.528757594603379744e+01,8.374727842079114026e+00,2.703265040622938642e+01
3.480000000000000000e+04,5.079853266861401551e+01,1.530576881571941428e+01,8.375861141485200889e+00,2.711690271140939856e+01
3.490000000000000000e+04,5.094049233353933914e+01,1.533163812908459178e+01,8.389382056073776184e+00,2.721947214838096940e+01
3.500000000000000000e+04,5.105179597431644112e+01,1.534508740771453894e+01,8.389522114761671645e+00,2.731718645184022876e+01
3.510000000000000000e+04,5.117913909649342941e+01,1.537117675562820374e+01,8.402581627371107587e+00,2.740538071349411808e+01
3.520000000000000000e+04,5.127935333345993740e+01,1.541276714221946875e+01,8.390087238434052352e+00,2.747649895280641275e+01
3.530000000000000000e+04,5.137744141551164034e+01,1.544989575196646037e+01,8.390428935809362443e+00,2.753711672773581398e+01
3.540000000000000000e+04,5.146284762351496056e+01,1.548185925904847693e+01,8.393785038163452228e+00,2.758720332630302963e+01
3.550000000000000000e+04,5.154828054050551600e+01,1.550035850837529061e+01,8.399397305988683726e+00,2.764852472614153811e+01
3.560000000000000000e+04,5.164549082570698602e+01,1.551126737695038216e+01,8.415031555830552179e+00,2.771919189292605168e+01
3.570000000000000000e+04,5.175608505083627620e+01,1.553148701626713546e+01,8.421919855676922140e+00,2.780267817889222215e+01
3.580000000000000000e+04,5.185813025449928659e+01,1.554290552788791047e+01,8.425771650259630263e+00,2.788945307635174231e+01
3.590000000000000000e+04,5.191729448397839519e+01,1.555294607696143316e+01,8.426940704776463065e+00,2.793740770224049896e+01
3.600000000000000000e+04,5.198096173142123178e+01,1.556709877121596719e+01,8.430721751780373197e+00,2.798314120842489316e+01
3.610000000000000000e+04,5.203595742358383092e+01,1.557760638197756542e+01,8.427597640135779500e+00,2.803075340147048422e+01
3.620000000000000000e+04,5.210929982088832446e+01,1.557823015332435190e+01,8.436086790090794096e+00,2.809498287747318201e+01
3.630000000000000000e+04,5.218880305927371666e+01,1.558603640531007173e+01,8.429717608004972718e+00,2.817304904595867043e+01
3.640000000000000000e+04,5.228037581191733807e+01,1.560842699986122817e+01,8.436883620080541490e+00,2.823506519197556486e+01
3.650000000000000000e+04,5.234802158322634114e+01,1.561991090788355940e+01,8.431724411805209485e+00,2.829638626353757402e+01
3.660000000000000000e+04,5.240992898552059387e+01,1.563747352150926950e+01,8.446788970617863157e+00,2.832566649339345943e+01
3.670000000000000000e+04,5.245481888058084508e+01,1.565147612054740556e+01,8.450249353178548972e+00,2.835309340685488522e+01
3.680000000000000000e+04,5.251682624369499308e+01,1.565556628701152775e+01,8.468505417778121824e+00,2.839275453890534351e+01
3.690000000000000000e+04,5.258656325837830536e+01,1.566465392716474625e+01,8.472804558432713407e+00,2.844910477278084571e+01
3.700000000000000000e+04,5.264711421393116098e+01,1.568006746396472906e+01,8.483683882842552038e+00,2.848336286712387988e+01
3.710000000000000000e+04,5.268183306044264924e+01,1.569161374378305140e+01,8.475627131588307606e+00,2.851459218507129023e+01
3.720000000000000000e+04,5.273144488672063090e+01,1.570959977147480302e+01,8.478164039442685151e+00,2.854368107580314273e+01
3.730000000000000000e+04,5.279448486251503425e+01,1.572121913014530570e+01,8.481829193533881650e+00,2.859143653883584690e+01
3.740000000000000000e+04,5.287425745306711633e+01,1.575197654589102925e+01,8.481431596255895045e+00,2.864084931092019559e+01
3.750000000000000000e+04,5.291249138468384672e+01,1.576131346149715640e+01,8.482956088462083599e+00,2.866822183472460139e+01
3.760000000000000000e+04,5.297210932326085242e+01,1.577702597819141239e+01,8.484621441216239290e+00,2.871046190385320074e+01
3.770000000000000000e+04,5.304929958262056289e+01,1.579806803510144775e+01,8.499650083141926160e+00,2.875158146437719253e+01
3.780000000000000000e+04,5.313431609066385874e+01,1.581282935524941990e+01,8.503826929551348002e+00,2.881765980586309439e+01
3.790000000000000000e+04,5.319189422042693849e+01,1.581912686618350961e+01,8.503025818768875865e+00,2.886974153547455302e+01
3.800000000000000000e+04,5.327887631470802887e+01,1.583533807628895396e+01,8.510504539491428488e+00,2.893303369892764820e+01
3.810000000000000000e+04,5.336667142769663030e+01,1.586246260013835396e+01,8.510251974244491535e+00,2.899395685331378303e+01
3.820000000000000000e+04,5.351932901197592685e+01,1.589254485566523911e+01,8.519953019660420068e+00,2.910683113665027122e+01
3.830000000000000000e+04,5.365808617335072483e+01,1.590643661067862524e+01,8.534356476690673432e+00,2.921729308598142438e+01
3.840000000000000000e+04,5.381292737349322408e+01,1.594146791109645278e+01,8.543080444813394791e+00,2.932837901758338006e+01
3.850000000000000000e+04,5.395004451027907066e+01,1.597625105726268124e+01,8.550367303227025317e+00,2.942342614978936055e+01
3.860000000000000000e+04,5.408192168204298866e+01,1.598874744682697724e+01,8.578005280327342774e+00,2.951516895488866865e+01
3.870000000000000000e+04,5.417239269620572628e+01,1.599531161770405241e+01,8.595933259782768232e+00,2.958114781871890386e+01
3.880000000000000000e+04,5.427189046190964206e+01,1.602046123726088922e+01,8.608631950185786863e+00,2.964279727446296420e+01
3.890000000000000000e+04,5.438512166415435445e+01,1.606681139288054894e+01,8.627331195694079469e+00,2.969097907557972604e+01
3.900000000000000000e+04,5.450340720730194732e+01,1.610730716661969097e+01,8.646281497798366189e+00,2.974981854288389371e+01
3.910000000000000000e+04,5.459803633471629780e+01,1.612451519078096851e+01,8.651272394846694525e+00,2.982224874908863654e+01
3.920000000000000000e+04,5.470901083488480765e+01,1.614985756887015711e+01,8.672662405700428678e+00,2.988649086031421831e+01
3.930000000000000000e+04,5.484745129435953714e+01,1.619220463776872876e+01,8.698662082482575997e+00,2.995658457410823416e+01
3.940000000000000000e+04,5.500460101826212878e+01,1.622201445140235521e+01,8.733745240515734309e+00,3.004884132634403926e+01
3.950000000000000000e+04,5.514036570775758150e+01,1.625143667206257803e+01,8.753916309187601996e+00,3.013501272650739793e+01
3.960000000000000000e+04,5.527408604960116634e+01,1.628215350207012690e+01,8.791354512763279061e+00,3.020057803476776215e+01
3.970000000000000000e+04,5.542357816392686232e+01,1.634492595648241320e+01,8.817637846597191853e+00,3.026101436084725904e+01
3.980000000000000000e+04,5.554775928029151544e+01,1.639079129571121740e+01,8.842867523564194698e+00,3.031410046101610689e+01
3.990000000000000000e+04,5.565925859574768708e+01,1.641912639069244761e+01,8.870069518839610367e+00,3.037006268621562555e+01
4.000000000000000000e+04,5.577460335227461030e+01,1.645065912853139523e+01,8.873901903926348922e+00,3.045004231981686615e+01
4.010000000000000000e+04,5.591502300103037726e+01,1.648150111520090988e+01,8.893849596153062365e+00,3.053967228967639969e+01
4.020000000000000000e+04,5.602313732716409334e+01,1.653329497732095987e+01,8.903185409056678878e+00,3.058665694078645103e+01
4.030000000000000000e+04,5.616288905626055339e+01,1.660365990105990974e+01,8.918560308781419366e+00,3.064066884641922428e+01
4.040000000000000000e+04,5.622523211063760584e+01,1.662022412233691782e+01,8.931226389957686251e+00,3.067378159834299822e+01
4.050000000000000000e+04,5.639186417930311990e+01,1.669101306952425645e+01,8.948607003230154788e+00,3.075224410654870866e+01
4.060000000000000000e+04,5.655970857707356458e+01,1.673340463591336658e+01,8.965577496960156267e+00,3.086072644420004352e+01
4.070000000000000000e+04,5.672704692007334870e+01,1.676943036516474450e+01,8.982966026236216095e+00,3.097465052867238455e+01
4.080000000000000000e+04,5.690794483901791523e+01,1.681122519305930751e+01,9.015221314950490950e+00,3.108149833100811676e+01
4.090000000000000000e+04,5.705226250224616535e+01,1.684331849962602945e+01,9.049316766194369421e+00,3.115962723642577004e+01
4.100000000000000000e+04,5.718692044699760402e+01,1.687730654140506559e+01,9.081927149246299180e+00,3.122768675634623747e+01
4.110000000000000000e+04,5.729619484680527819e+01,1.690972757767609025e+01,9.095407004260456674e+00,3.129106026486873660e+01
4.120000000000000000e+04,5.742453096048500072e+01,1.693517034225642348e+01,9.114116248804617015e+00,3.137524436942395667e+01
4.130000000000000000e+04,5.756417093243418037e+01,1.695751057181544041e+01,9.139448426281422400e+00,3.146721193433732111e+01
4.140000000000000000e+04,5.772718086624118428e+01,1.699268317545735130e+01,9.157207325820731825e+00,3.157729036496310115e+01
4.150000000000000000e+04,5.790000213897027947e+01,1.700424439219843009e+01,9.190512009465034993e+00,3.170524573730681794e+01
4.160000000000000000e+04,5.808944806017052542e+01,1.703037753058383075e+01,9.230780473870815683e+00,3.182829005571588254e+01
4.170000000000000000e+04,5.826376455981824165e+01,1.705918574273737676e+01,9.237992134039766157e+00,3.196658668304110051e+01
4.180000000000000000e+04,5.844641927950375049e+01,1.708503644107872788e+01,9.251156237727149900e+00,3.211022660069787094e+01
4.190000000000000000e+04,5.865717185861945637e+01,1.712644585480914117e+01,9.274427302750259727e+00,3.225629870106005370e+01
4.200000000000000000e+04,5.891162153916938138e+01,1.718123704226720605e+01,9.291691990269043799e+00,3.243869250663313153e+01
4.210000000000000000e+04,5.916051206758674397e+01,1.721366556684952087e+01,9.310169355123145252e+00,3.263667714561407962e+01
4.220000000000000000e+04,5.939246535192491194e+01,1.726591156129979510e+01,9.328272515505982909e+00,3.279828127511913749e+01
4.230000000000000000e+04,5.964557229161614771e+01,1.730614736124579167e+01,9.368037913680124618e+00,3.297138701669022964e+01
4.240000000000000000e+04,5.984733178248571051e+01,1.736518969847258376e+01,9.397139699481275699e+00,3.308500238453184750e+01
4.250000000000000000e+04,6.000549353943095809e+01,1.739372093198281988e+01,9.421651575092015563e+00,3.319012103235612443e+01
4.260000000000000000e+04,6.016587376572153545e+01,1.743995964734405035e+01,9.436820348520173596e+00,3.328909376985730972e+01
4.270000000000000000e+04,6.030479263969060355e+01,1.748070427327834153e+01,9.449355754022430887e+00,3.337473261238983469e+01
4.280000000000000000e+04,6.048813476918702747e+01,1.753200277027497833e+01,9.466341992895120683e+00,3.348979000601692491e+01
4.290000000000000000e+04,6.062192747059212650e+01,1.758724538329103382e+01,9.481654100563654097e+00,3.355302798673744036e+01
4.300000000000000000e+04,6.073176380062010082e+01,1.760994799055462678e+01,9.491695928151205663e+00,3.363011988191426838e+01
4.310000000000000000e+04,6.077440826699162102e+01,1.761640276848151387e+01,9.488400378329027163e+00,3.366960512018108176e+01
4.320000000000000000e+04,6.084225421890611329e+01,1.764670758204089651e+01,9.497072697642378714e+00,3.369847393922283629e+01
4.330000000000000000e+04,6.088554945755621617e+01,1.768009220655800462e+01,9.529308443333805556e+00,3.367614880766440422e+01
4.340000000000000000e+04,6.098245237442610289e+01,1.772383627993145438e+01,9.559526815185019899e+00,3.369908927930962506e+01
4.350000000000000000e+04,6.108409665446447434e+01,1.774929887819224561e+01,9.595552458712894861e+00,3.373924531755933742e+01
4.360000000000000000e+04,6.109137229705022776e+01,1.775109220533520471e+01,9.619651237016856982e+00,3.372062885469816251e+01
4.370000000000000000e+04,6.115364877529554377e+01,1.774771343809334212e+01,9.663354865046946074e+00,3.374258047215525380e+01
4.380000000000000000e+04,6.125176011828248335e+01,1.776051420274890091e+01,9.702060465080052154e+00,3.378918545045353028e+01
4.390000000000000000e+04,6.130707191952173929e+01,1.775952944835474767e+01,9.735969917667331330e+00,3.381157255349965851e+01
4.400000000000000000e+04,6.140017918265757402e+01,1.775379291591764641e+01,9.787829577190509056e+00,3.385855668954941677e+01
4.410000000000000000e+04,6.151651527997258739e+01,1.778686476857050636e+01,9.815786763257650094e+00,3.391386374814442917e+01
4.420000000000000000e+04,6.159029758185685921e+01,1.783279259503833103e+01,9.850357553867441496e+00,3.390714743295108491e+01
4.430000000000000000e+04,6.170769933660717754e+01,1.792614432388326051e+01,9.886827311782884209e+00,3.389472770094103282e+01
4.440000000000000000e+04,6.180005384148168446e+01,1.798348017190685511e+01,9.934524930070434579e+00,3.388204873950439122e+01
4.450000000000000000e+04,6.192610894256283416e+01,1.805076015161918690e+01,9.989336825914408635e+00,3.388601196502924040e+01
4.460000000000000000e+04,6.203029865930981401e+01,1.809150218678420430e+01,1.004930605782858066e+01,3.388949041469702905e+01
4.470000000000000000e+04,6.213989012292344682e+01,1.812420994925727769e+01,1.011478701997198826e+01,3.390089315369418443e+01
4.480000000000000000e+04,6.225699602884316164e+01,1.818269504095475853e+01,1.015706385755787267e+01,3.391723713033052690e+01
4.490000000000000000e+04,6.237088904849116489e+01,1.824101896382462229e+01,1.021695865551596860e+01,3.391291142915057577e+01
4.500000000000000000e+04,6.258228754076630196e+01,1.830865924601987871e+01,1.029102636752141287e+01,3.398260192722501216e+01
4.510000000000000000e+04,6.273611524477128398e+01,1.837402825971791387e+01,1.034179197946788342e+01,3.402029500558548847e+01
4.520000000000000000e+04,6.284888624708923288e+01,1.840455963275178419e+01,1.042032817198408701e+01,3.402399844235335991e+01
4.530000000000000000e+04,6.305241793518353433e+01,1.846919176095111581e+01,1.049959614788234852e+01,3.408363002635007177e+01
4.540000000000000000e+04,6.333623096523429297e+01,1.856456957147767639e+01,1.058088448103052670e+01,3.419077691272609343e+01
4.550000000000000000e+04,6.360506302214588459e+01,1.867365869821762914e+01,1.062273418273461978e+01,3.430867014119363745e+01
4.560000000000000000e+04,6.388295045963464247e+01,1.878962694141103640e+01,1.065588383522725557e+01,3.443743968299634872e+01
4.570000000000000000e+04,6.405072714458603400e+01,1.884581360487888446e+01,1.069295511042749780e+01,3.451195842927965174e+01
4.580000000000000000e+04,6.411302571232737080e+01,1.891386401638405346e+01,1.071336085015082240e+01,3.448580084579249672e+01
4.590000000000000000e+04,6.425316707313196218e+01,1.900619426980076199e+01,1.071922100837594627e+01,3.452775179495525038e+01
4.600000000000000000e+04,6.444626170674885657e+01,1.904518539568771729e+01,1.076088191605470001e+01,3.464019439500644637e+01
4.610000000000000000e+04,6.458236821846072928e+01,1.912311967503373467e+01,1.074202787374250079e+01,3.471722066968449383e+01
4.620000000000000000e+04,6.471270580664720740e+01,1.916297816270195398e+01,1.074735382215542678e+01,3.480237382178982841e+01
4.630000000000000000e+04,6.475600363143374238e+01,1.914321631042270511e+01,1.073763174910752483e+01,3.487515557190350535e+01
4.640000000000000000e+04,6.486159731076524793e+01,1.917886536070473724e+01,1.075690530125807243e+01,3.492582664880244181e+01
4.650000000000000000e+04,6.494779855900779353e+01,1.919422791914490745e+01,1.074834161100107721e+01,3.500522902886180532e+01
4.660000000000000000e+04,6.508314836828282068e+01,1.924273185867950531e+01,1.072389138514924412e+01,3.511652512445407837e+01
4.670000000000000000e+04,6.520473861063094034e+01,1.935805356158370927e+01,1.065284207728887012e+01,3.519384297175835741e+01
4.680000000000000000e+04,6.531703973795761442e+01,1.944547781326348712e+01,1.059346957955757240e+01,3.527809234513655667e+01
4.690000000000000000e+04,6.540434207903282982e+01,1.949011368875591188e+01,1.052659493846092076e+01,3.538763345181599362e+01
4.700000000000000000e+04,6.542504134654538461e+01,1.948629613777476521e+01,1.050764925739270339e+01,3.543109595137791246e+01
4.710000000000000000e+04,6.535239215990742423e+01,1.949784782876328038e+01,1.048258851231450706e+01,3.537195581882964035e+01
4.720000000000000000e+04,6.521657672151280849e+01,1.948993121557816011e+01,1.051743522520061092e+01,3.520921028073404102e+01
4.730000000000000000e+04,6.506292340329984825e+01,1.951141538616117543e+01,1.050012217362075795e+01,3.505138584351791309e+01
4.740000000000000000e+04,6.505513671570469114e+01,1.951308596161485553e+01,1.050908969330298248e+01,3.503296106078685312e+01
4.750000000000000000e+04,6.491796417742986591e+01,1.947465931403602468e+01,1.048239328678320703e+01,3.496091157661064130e+01
4.760000000000000000e+04,6.494673224163956604e+01,1.948115929446654349e+01,1.051122122779007562e+01,3.495435171938294872e+01
4.770000000000000000e+04,6.514140156647974322e+01,1.951455905525352108e+01,1.056576434864353686e+01,3.506107816258268883e+01
4.780000000000000000e+04,6.545669529974107093e+01,1.951419156521884801e+01,1.062334655767508629e+01,3.531915717684713485e+01
4.790000000000000000e+04,6.582477923157273381e+01,1.958184184071712508e+01,1.060583295196411591e+01,3.563710443889149104e+01
4.800000000000000000e+04,6.618524199898740790e+01,1.962750943688531535e+01,1.062870118749005677e+01,3.592903137461203045e+01
4.810000000000000000e+04,6.650111774677294818e+01,1.965262792700219308e+01,1.065868000131307980e+01,3.618980981845767531e+01
4.820000000000000000e+04,6.692710827862759970e+01,1.978255526508371531e+01,1.062750192159097296e+01,3.651705109195290788e+01
4.830000000000000000e+04,6.743187540726756879e+01,1.991300999406046657e+01,1.065588347222285570e+01,3.686298194098425540e+01
4.840000000000000000e+04,6.779668284228674224e+01,1.996016104670490421e+01,1.068753777638321800e+01,3.714898401919861470e+01
4.850000000000000000e+04,6.834506009519485303e+01,1.999626957496161950e+01,1.076043674804310513e+01,3.758835377219013196e+01
4.860000000000000000e+04,6.903275798446429690e+01,2.002933703207039429e+01,1.078944325603021781e+01,3.821397769636367769e+01
4.870000000000000000e+04,6.956822460433110678e+01,2.003013352039921813e+01,1.072193879970137331e+01,3.881615228423051889e+01
4.880000000000000000e+04,7.023687650687570283e+01,2.017729734350648840e+01,1.066569187280468256e+01,3.939388729056453542e+01
4.890000000000000000e+04,7.073585640754217252e+01,2.019608097587892459e+01,1.057497510228687965e+01,3.996480032937635940e+01
4.900000000000000000e+04,7.086253947168134459e+01,2.008498162403829923e+01,1.053306598940165451e+01,4.024449185824138198e+01
4.910000000000000000e+04,7.071259967934722113e+01,2.012488491955392078e+01,1.040174064217995742e+01,4.018597411761333404e+01
4.920000000000000000e+04,7.019755669848565560e+01,2.008537096950328760e+01,1.032186222409901077e+01,3.979032350488335368e+01
4.930000000000000000e+04,7.003270998364786237e+01,2.014482026057063990e+01,1.030385473101294203e+01,3.958403499206428933e+01
4.940000000000000000e+04,6.991652525416213848e+01,2.013965777975879945e+01,1.033366725381035067e+01,3.944320022059298481e+01
4.950000000000000000e+04,6.977985306536930921e+01,1.998174078120661079e+01,1.050303507606654208e+01,3.929507720809615279e+01
4.960000000000000000e+04,6.992587810895744838e+01,1.985079799619738239e+01,1.044688445141851574e+01,3.962819566134154314e+01
4.970000000000000000e+04,6.986172906692426920e+01,1.988479985725086863e+01,1.032061483770546673e+01,3.965631437196793030e+01
4.980000000000000000e+04,6.956669275769777983e+01,2.040792762707572905e+01,1.031369281910548352e+01,3.884507231151656725e+01
4.990000000000000000e+04,6.880931588481695371e+01,2.039065943538256676e+01,1.012149288250874513e+01,3.829716356692563295e+01
5.000000000000000000e+04,6.761738392268016185e+01,2.085611800598395504e+01,1.001545084522137330e+01,3.674581507147483705e+01
